0 0.633010 0.673913 0.081553 0.343874
0 0.717476 0.672925 0.071845 0.349802
0 0.793204 0.664032 0.083495 0.339921
0 0.871845 0.613636 0.108738 0.377470
0 0.965049 0.614625 0.069903 0.379447
0 0.778641 0.470356 0.093204 0.102767
0 0.671845 0.465415 0.108738 0.112648
0 0.575728 0.625494 0.110680 0.377470
0 0.466019 0.446640 0.081553 0.363636
0 0.361165 0.446640 0.066019 0.332016
0 0.225243 0.427866 0.100971 0.401186
0 0.103883 0.438735 0.110680 0.403162
0 0.090291 0.878458 0.106796 0.116601
0 0.115534 0.797431 0.095146 0.081028
0 0.227184 0.750000 0.093204 0.077075
0 0.299029 0.708498 0.085437 0.077075
0 0.411650 0.690711 0.058252 0.081028
0 0.470874 0.691700 0.048544 0.075099
0 0.405825 0.797431 0.163107 0.128458
0 0.262136 0.863636 0.182524 0.130435
