0 0.9194849537037036 0.43375 0.12380208333333335 0.4094675925925927
0 0.7858449074074074 0.4302083333333333 0.11780671296296301 0.41796875
0 0.6578877314814815 0.46032986111111107 0.09582754629629626 0.3614178240740742
0 0.5434780092592593 0.44692129629629623 0.08728009259259259 0.3628530092592593
0 0.44375 0.6391087962962962 0.13007523148148153 0.4103414351851852
0 0.3335474537037037 0.6359143518518519 0.10778935185185183 0.4225057870370371
0 0.2422048611111111 0.6103530092592593 0.11470486111111108 0.4187037037037037
0 0.13611689814814815 0.6142476851851852 0.10491319444444444 0.40450231481481486
0 0.05530092592592593 0.6013368055555556 0.08655092592592592 0.3909548611111111
0 0.3816724537037037 0.6787962962962963 0.08431712962962959 0.3682754629629631
0 0.30506365740740743 0.6760995370370371 0.09504629629629627 0.36140624999999993
0 0.21740162037037036 0.6693344907407408 0.08171875000000002 0.3596469907407407
0 0.6138946759259258 0.7150347222222223 0.05670138888888872 0.06877893518518512
0 0.5488194444444444 0.7062615740740741 0.0681192129629629 0.058796296296296194
0 0.7234085648148147 0.7213425925925926 0.09588541666666668 0.09981481481481484
0 0.8050578703703704 0.7623784722222222 0.10429398148148153 0.09369212962962976
0 0.9190162037037037 0.8132638888888888 0.10792824074074084 0.1109259259259261
0 0.9462181712962963 0.9004340277777778 0.10756365740740748 0.1235879629629629
0 0.7680439814814816 0.8836516203703703 0.1867766203703704 0.1628530092592591
0 0.6166261574074074 0.8072222222222223 0.16250578703703694 0.13438078703703696