0 0.0421875 0.4415625 0.08359375 0.444207175925926
0 0.16875 0.43968749999999995 0.11484375 0.454826388888889
0 0.30859375 0.4727719907407407 0.09296875 0.39356481481481487
0 0.43203125 0.4576620370370371 0.0828125 0.39419560185185176
0 0.54765625 0.666886574074074 0.128125 0.44642939814814825
0 0.6671875 0.6635532407407407 0.103125 0.4593402777777779
0 0.76484375 0.6363252314814816 0.11171875 0.45478009259259267
0 0.88046875 0.6400810185185186 0.10078125 0.4397743055555555
0 0.96328125 0.6255729166666667 0.07265625 0.42451388888888886
0 0.615625 0.7104108796296297 0.08046875 0.4004108796296297
0 0.6984375 0.7068402777777778 0.09140625 0.39276041666666667
0 0.79453125 0.6999479166666667 0.07734375 0.39098958333333333
0 0.36484375 0.7492824074074074 0.06015625 0.0743287037037037
0 0.43515625 0.7396469907407408 0.071875 0.06356481481481477
0 0.24609375 0.7565104166666666 0.10078125 0.1085243055555555
0 0.15859375 0.8015567129629628 0.11015625 0.1024131944444445
0 0.04609375 0.8555671296296297 0.0921875 0.11933449074074076
0 0.03203125 0.9417129629629629 0.0640625 0.11657407407407412
0 0.2015625 0.9204513888888888 0.19765625 0.15605324074074076
0 0.36484375 0.8500636574074074 0.17265625 0.14552662037037045