0 0.10078125 0.42578125 0.109375 0.40078125
0 0.2328125 0.42421875 0.10390625 0.41015625
0 0.35859375 0.45546875 0.08359375 0.3546875
0 0.47109375 0.44375 0.075 0.35546875
0 0.575 0.634375 0.11640625 0.40234375
0 0.6828125 0.6328125 0.09375 0.4140625
0 0.771875 0.609375 0.10078125 0.41015625
0 0.8765625 0.61484375 0.09140625 0.396875
0 0.959375 0.60390625 0.08125 0.3828125
0 0.63671875 0.675 0.07265625 0.36171875
0 0.71171875 0.67265625 0.0828125 0.35390625
0 0.7984375 0.66796875 0.0703125 0.353125
0 0.409375 0.70703125 0.05390625 0.06640625
0 0.4734375 0.69921875 0.06484375 0.05703125
0 0.30234375 0.71171875 0.09140625 0.096875
0 0.2234375 0.75078125 0.1 0.090625
0 0.1125 0.79921875 0.103125 0.1078125
0 0.08203125 0.884375 0.1140625 0.1203125
0 0.2625 0.87109375 0.17890625 0.1578125
0 0.409375 0.79765625 0.15625 0.1296875