0 0.34453125 0.659375 0.27421875 0.08828125
0 0.33359375 0.584375 0.2703125 0.07734375
0 0.3375 0.50703125 0.28125 0.06484375
0 0.3328125 0.434375 0.28203125 0.08359375
0 0.646875 0.65703125 0.284375 0.09296875
0 0.6515625 0.5703125 0.28671875 0.0953125
0 0.6484375 0.48984375 0.28046875 0.06875
0 0.646875 0.42578125 0.28046875 0.06015625
0 0.3234375 0.303125 0.28125 0.08125
0 0.32734375 0.221875 0.284375 0.0734375
0 0.3328125 0.13984375 0.27890625 0.07734375
0 0.64296875 0.290625 0.26328125 0.08984375
0 0.64140625 0.2109375 0.26015625 0.07421875
0 0.6421875 0.13828125 0.26796875 0.08984375