0 0.37137152777777777 0.6552372685185185 0.27917824074074077 0.09852430555555554
0 0.35821180555555554 0.579832175925926 0.2749710648148148 0.08822337962962976
0 0.3598263888888889 0.502633101851852 0.2863194444444444 0.07615740740740726
0 0.3529629629629629 0.42902199074074077 0.28685185185185186 0.09412615740740744
0 0.6759895833333334 0.6641782407407407 0.2894733796296297 0.10358796296296298
0 0.6781076388888889 0.5776331018518519 0.2926909722222222 0.10682870370370381
0 0.6725983796296297 0.4970486111111111 0.2848495370370371 0.07922453703703702
0 0.6691145833333334 0.43214699074074076 0.2853993055555556 0.07144097222222215
0 0.339675925925926 0.2966435185185185 0.2860243055555555 0.09253472222222223
0 0.3403935185185185 0.21550925925925926 0.28891782407407407 0.08483796296296298
0 0.3441898148148148 0.13292824074074075 0.2835416666666667 0.08776041666666665
0 0.6611805555555555 0.2960648148148148 0.2683101851851852 0.10046296296296298
0 0.6572569444444445 0.21631944444444445 0.2647222222222222 0.08472222222222214
0 0.6558854166666667 0.14369212962962963 0.272974537037037 0.09985532407407409