0 0.35625 0.35703125 0.25703125 0.08203125
0 0.34609375 0.42734375 0.253125 0.07265625
0 0.35 0.5 0.2640625 0.0609375
0 0.3453125 0.56796875 0.2640625 0.078125
0 0.63984375 0.359375 0.26640625 0.08671875
0 0.64453125 0.440625 0.26875 0.0890625
0 0.64140625 0.515625 0.26328125 0.0640625
0 0.63984375 0.57578125 0.26328125 0.05625
0 0.33671875 0.690625 0.26328125 0.0765625
0 0.33984375 0.76640625 0.26640625 0.06875
0 0.3453125 0.84296875 0.2609375 0.071875
0 0.6359375 0.70234375 0.246875 0.084375
0 0.634375 0.77578125 0.24375 0.06953125
0 0.63515625 0.84453125 0.2515625 0.08359375