0 0.7140277777777777 0.36528935185185185 0.08357638888888878 0.054751157407407366
0 0.627170138888889 0.3647337962962963 0.2447916666666668 0.06576967592592595
0 0.6263368055555556 0.41638888888888886 0.24151041666666676 0.044606481481481455
0 0.6286631944444444 0.4687326388888889 0.23819444444444446 0.0577719907407408
0 0.6277951388888889 0.5196064814814815 0.2514409722222222 0.057384259259259274
0 0.6268923611111111 0.5696990740740742 0.2501215277777778 0.06280671296296311
0 0.6261284722222222 0.6229166666666666 0.25704861111111105 0.060671296296296265
0 0.6338888888888888 0.6743171296296296 0.24555555555555558 0.047847222222222284
0 0.6391319444444445 0.7218807870370371 0.24802083333333336 0.06820601851851844
0 0.6352083333333333 0.7744097222222222 0.2633333333333333 0.06163773148148142
0 0.6337326388888889 0.829212962962963 0.26291666666666663 0.0522627314814816
0 0.3319270833333333 0.3750462962962963 0.24138888888888896 0.05942708333333328
0 0.33826388888888886 0.4296180555555555 0.23734374999999996 0.056186342592592455
0 0.33427083333333335 0.4805844907407407 0.25328125 0.0636805555555556
0 0.3322569444444444 0.5408796296296297 0.2507291666666667 0.05892361111111111
0 0.3389930555555556 0.5868344907407408 0.24861111111111106 0.046377314814814774
0 0.3386631944444444 0.6322164351851851 0.2554166666666666 0.05906249999999993
0 0.33953125 0.6869502314814815 0.2451215277777777 0.055636574074074116
0 0.3503819444444445 0.7374768518518519 0.23947916666666663 0.051568287037036954
0 0.3525 0.7851331018518518 0.25361111111111106 0.0535474537037036
0 0.35244791666666664 0.8367650462962963 0.24532986111111105 0.06032407407407412