0 0.303125 0.38984375 0.07890625 0.05078125
0 0.3875 0.38671875 0.23515625 0.05703125
0 0.390625 0.43671875 0.2328125 0.0359375
0 0.390625 0.48828125 0.22890625 0.04921875
0 0.39296875 0.5375 0.2421875 0.0484375
0 0.39609375 0.5859375 0.23984375 0.05390625
0 0.4 0.6375 0.24765625 0.0515625
0 0.39453125 0.68828125 0.23671875 0.03984375
0 0.39140625 0.734375 0.23828125 0.059375
0 0.396875 0.78515625 0.25390625 0.05234375
0 0.40078125 0.83828125 0.253125 0.04375
0 0.67421875 0.38828125 0.23203125 0.05078125
0 0.67109375 0.44140625 0.22890625 0.0484375
0 0.6765625 0.49140625 0.24375 0.05546875
0 0.68125 0.54921875 0.24140625 0.05078125
0 0.6765625 0.59453125 0.23984375 0.03828125
0 0.67890625 0.63828125 0.2453125 0.05
0 0.68046875 0.69140625 0.2359375 0.04765625
0 0.671875 0.740625 0.23046875 0.04375
0 0.67265625 0.7875 0.24375 0.04453125
0 0.67421875 0.8375 0.2359375 0.0515625