0 0.3599537037037037 0.5729918981481481 0.08839699074074066 0.059103009259259306
0 0.45076388888888885 0.571417824074074 0.2567824074074075 0.07484374999999996
0 0.45069444444444445 0.517349537037037 0.2538773148148149 0.05210648148148138
0 0.44740740740740736 0.461880787037037 0.2500231481481482 0.0659259259259258
0 0.4473842592592593 0.40859375 0.26482060185185186 0.0659143518518519
0 0.44736111111111115 0.3553067129629629 0.2628472222222221 0.07204282407407411
0 0.4479340277777778 0.29885416666666664 0.27047453703703717 0.06932291666666668
0 0.43927083333333333 0.2452314814814815 0.25801504629629635 0.05621527777777775
0 0.4331828703703704 0.19539351851851852 0.2616087962962963 0.07743055555555559
0 0.43536458333333333 0.1396412037037037 0.2768171296296297 0.07120949074074075
0 0.43667245370370367 0.08236689814814815 0.2762615740740742 0.061834490740740745
0 0.7600462962962963 0.5538136574074074 0.25402199074074083 0.06769097222222217
0 0.7527604166666666 0.4969849537037037 0.24997685185185184 0.06514467592592599
0 0.7558159722222223 0.4427546296296295 0.2667997685185185 0.0730266203703703
0 0.7575347222222222 0.37918981481481484 0.2641782407407408 0.06821759259259261
0 0.7491956018518519 0.33103587962962966 0.26104745370370386 0.05481481481481483
0 0.7494502314814815 0.2824363425925926 0.2680381944444445 0.06763888888888889
0 0.7468518518518519 0.2253645833333333 0.2577430555555555 0.06476851851851854
0 0.7351099537037037 0.1726851851851852 0.25121527777777786 0.05975694444444444
0 0.7328819444444444 0.12186342592592592 0.2661516203703703 0.0620891203703704
0 0.73125 0.0678761574074074 0.25797453703703715 0.0686747685185185