0 0.958404224537037 0.46604166666666663 0.08319155092592609 0.4288020833333334
0 0.900798611111111 0.364375 0.07814814814814816 0.43000000000000005
0 0.8339699074074074 0.5228125 0.08036458333333343 0.41296874999999994
0 0.7650810185185184 0.403125 0.07421875 0.4266145833333333
0 0.6788136574074073 0.46984375 0.07978009259259267 0.43947916666666664
0 0.6046469907407407 0.3763020833333333 0.0704224537037037 0.4411979166666667
0 0.5196527777777777 0.509375 0.10457175925925917 0.5184374999999999
0 0.4243402777777778 0.4102083333333333 0.09370370370370366 0.5270833333333332
0 0.34120370370370373 0.5830208333333333 0.08788773148148152 0.47984374999999985
0 0.22395833333333331 0.47750000000000004 0.0989467592592593 0.4969791666666666
0 0.1017476851851852 0.5458333333333334 0.10450810185185189 0.5098437499999999