0 0.0266015625 0.4966087962962963 0.053203125 0.43412615740740745
0 0.050937500000000004 0.6055902777777777 0.10187500000000001 0.4372916666666665
0 0.1286979166666667 0.44726273148148155 0.10760416666666668 0.4193402777777777
0 0.19057291666666668 0.5733043981481482 0.10151041666666663 0.4333506944444444
0 0.28375000000000006 0.5109259259259259 0.10864583333333329 0.44667824074074075
0 0.35203125 0.6111516203703704 0.09937500000000003 0.44817129629629626
0 0.4490625 0.4792476851851852 0.13895833333333343 0.5265509259259259
0 0.5394791666666666 0.5871180555555556 0.12786458333333323 0.5358391203703704
0 0.63765625 0.4146006944444444 0.11916666666666664 0.4873611111111112
0 0.7494270833333333 0.5301215277777778 0.13203125 0.5046354166666667
0 0.8793229166666666 0.4674710648148149 0.13833333333333328 0.5171759259259259